1751822211.281052,0
1751822211.391399,1
1751822211.505146,0
1751822211.607806,0
1751822211.726100,0
1751822211.831542,0
1751822211.936810,0
1751822212.040174,0
1751822212.175362,0
1751822212.284019,0
1751822212.396812,9
1751822212.500746,10
1751822212.604321,16
1751822212.707284,15
1751822212.810930,19
1751822212.913836,20
1751822213.016661,19
1751822213.119698,18
1751822213.223148,20
1751822213.326306,19
1751822213.429403,20
1751822213.531940,20
1751822213.635008,19
1751822213.738331,19
1751822213.841565,20
1751822213.945774,19
1751822214.048780,20
1751822214.151581,14
1751822214.256795,15
1751822214.359201,14
1751822214.461887,12
1751822214.565115,10
1751822214.667839,11
1751822214.770924,18
1751822214.874033,15
1751822214.976712,19
1751822215.080269,20
1751822215.183326,20
1751822215.285909,20
1751822215.388498,18
1751822215.491935,20
1751822215.594407,19
1751822215.697044,18
1751822215.800108,20
1751822215.902731,20
1751822216.005721,15
1751822216.108778,17
1751822216.211426,16
1751822216.313761,15
1751822216.416390,13
1751822216.519309,12
1751822216.622897,10
1751822216.725893,14
1751822216.829201,17
1751822216.933086,20
1751822217.036085,19
1751822217.139135,20
1751822217.243569,20
1751822217.346792,19
1751822217.449351,19
1751822217.552846,19
1751822217.655543,20
1751822217.768241,19
1751822217.874768,18
1751822217.977941,17
1751822218.081280,18
1751822218.183762,17
1751822218.286002,12
1751822218.391152,11
1751822218.493803,9
1751822218.596765,8
1751822218.699667,7
1751822218.802701,8
1751822218.905730,8
1751822219.008970,7
1751822219.112061,7
1751822219.215283,6
1751822219.318029,6
1751822219.420754,7
1751822219.523758,7
1751822219.626897,7
1751822219.729515,7
1751822219.832329,6
1751822219.934775,7
1751822220.037776,7
1751822220.140997,7
1751822220.243910,8
1751822220.346698,9
1751822220.449191,8
1751822220.551681,8
1751822220.654324,9
1751822220.757968,9
1751822220.861408,8
1751822220.963945,8
1751822221.067183,8
1751822221.170339,9
1751822221.273515,9
1751822221.376589,8
1751822221.479935,8
1751822221.583002,7
1751822221.686316,7
1751822221.789386,9
1751822221.893044,9
1751822221.995800,8
1751822222.098468,7
1751822222.201418,7
1751822222.304142,7
1751822222.407123,5
1751822222.510125,1
1751822222.612568,2
1751822222.715327,2
1751822222.819921,2
1751822222.922996,6
1751822223.028314,6
1751822223.131239,8
1751822223.234750,9
1751822223.338805,10
1751822223.443046,9
1751822223.548257,10
1751822223.651416,18
1751822223.754219,17
1751822223.856677,17
1751822223.959374,20
1751822224.063095,20
1751822224.167634,19
1751822224.270576,18
1751822224.373479,19
1751822224.477171,20
1751822224.649315,17
1751822224.763149,20
1751822224.867468,19
1751822224.970107,17
1751822225.072683,18
1751822225.177348,14
1751822225.283864,11
1751822225.408747,10
1751822225.512338,10
1751822225.624339,6
1751822225.727985,15
1751822225.832440,20
1751822225.934915,20
1751822226.037653,19
1751822226.140608,19
1751822226.248582,18
1751822226.351194,18
1751822226.453857,20
1751822226.557762,18
1751822226.661547,18
1751822226.767664,20
1751822226.872947,20
1751822226.979778,18
1751822227.083052,20
1751822227.194402,18
1751822227.297162,20
1751822227.401245,18
1751822227.504973,11
1751822227.613937,9
1751822227.717714,8
1751822227.821050,8
1751822227.924032,15
1751822228.027196,18
1751822228.129557,19
1751822228.238195,19
1751822228.341832,19
1751822228.446946,19
1751822228.554062,19
1751822228.661245,18
1751822228.764080,19
1751822228.871413,20
1751822228.975958,19
1751822229.079347,20
1751822229.184338,20
1751822229.292512,20
1751822229.395931,17
1751822229.503751,15
1751822229.610257,16
1751822229.716102,14
1751822229.827410,11
1751822229.934665,10
1751822230.039274,8
1751822230.143217,9
1751822230.247250,10
1751822230.352521,11
1751822230.457754,10
1751822230.561210,10
1751822230.664105,10
1751822230.768027,9
1751822230.896503,8
1751822231.003986,9
1751822231.111607,9
1751822231.218265,10
1751822231.323822,9
1751822231.427744,10
1751822231.532758,9
1751822231.640456,8
1751822231.748834,8
1751822231.856577,8
1751822231.961088,10
1751822232.064291,8
1751822232.167645,10
1751822232.270926,10
1751822232.373791,10
1751822232.481595,10
1751822232.584911,10
1751822232.687849,9
1751822232.792602,4
1751822232.897571,2
1751822233.000417,2
1751822233.103810,3
1751822233.209507,6
1751822233.312062,8
1751822233.417225,9
1751822233.521476,10
1751822233.629159,11
1751822233.734071,11
1751822233.844203,9
1751822233.947145,12
1751822234.051868,11
1751822234.155138,12
1751822234.257840,11
1751822234.361799,10
1751822234.465608,10
1751822234.568611,10
1751822234.674248,10
1751822234.777581,8
1751822234.881832,9
1751822234.988089,16
1751822235.096535,17
1751822235.199044,19
1751822235.302936,19
1751822235.406402,20
1751822235.508858,19
1751822235.612799,20
1751822235.731444,19
1751822235.835174,20
1751822235.938104,19
1751822236.047448,20
1751822236.151102,20
1751822236.254079,15
1751822236.357747,14
1751822236.460928,16
1751822236.566336,11
1751822236.669120,12
1751822236.774120,11
1751822236.878296,19
1751822236.981765,16
1751822237.084781,19
1751822237.189773,17
1751822237.296364,19
1751822237.399085,19
1751822237.502440,19
1751822237.606335,20
1751822237.708982,19
1751822237.817748,19
1751822237.920479,20
1751822238.026003,20
1751822238.134035,18
1751822238.239134,15
1751822238.344667,15
1751822238.448019,11
1751822238.568816,12
1751822238.679551,10
1751822238.782964,14
1751822238.886979,13
1751822238.989944,18
1751822239.096017,19
1751822239.200944,20
1751822239.303737,17
1751822239.407161,20
1751822239.510388,20
1751822239.615217,18
1751822239.718366,20
1751822239.821921,20
1751822239.927234,17
1751822240.032581,20
1751822240.135108,17
1751822240.263709,18
1751822240.369181,19
1751822240.471753,18
1751822240.595228,14
1751822240.703240,12
1751822240.816379,9
1751822240.919960,9
1751822241.022984,6
1751822241.128989,6
1751822241.232441,5
1751822241.346537,3
1751822241.448999,3
1751822241.551989,4
1751822241.678211,2
1751822241.781289,4
1751822241.891823,4
1751822242.000226,4
1751822242.102591,5
1751822242.205560,4
1751822242.312976,6
1751822242.418827,4
1751822242.524000,5
1751822242.626752,5
1751822242.730287,7
1751822242.833966,7
1751822242.936407,8
1751822243.040447,6
1751822243.145314,1
1751822243.248359,2
1751822243.354208,2
1751822243.456867,3
1751822243.560884,6
1751822243.665224,5
1751822243.771812,6
1751822243.876168,8
1751822243.979001,7
1751822244.081949,6
1751822244.185349,9
1751822244.291883,8
1751822244.398008,8
1751822244.503682,9
1751822244.611476,10
1751822244.719478,9
1751822244.822434,12
1751822244.927833,8
1751822245.032870,9
1751822245.135682,9
1751822245.238414,9
1751822245.344792,10
1751822245.447680,10
1751822245.550817,9
1751822245.653842,10
1751822245.757655,10
1751822245.862571,9
1751822245.966736,10
1751822246.069901,16
1751822246.172780,17
1751822246.312755,14
1751822246.415631,19
1751822246.539459,17
1751822246.653965,19
1751822246.757422,19
1751822246.873867,16
1751822246.985409,18
1751822247.088317,19
1751822247.192381,20
1751822247.295775,20
1751822247.398663,20
1751822247.501902,19
1751822247.606889,19
1751822247.709484,20
1751822247.818115,20
1751822247.925764,16
1751822248.028350,16
1751822248.131364,14
1751822248.234318,15
1751822248.340623,11
1751822248.444035,13
1751822248.549025,19
1751822248.652879,17
1751822248.756609,16
1751822248.859023,20
1751822248.962364,20
1751822249.065994,20
1751822249.170721,19
1751822249.273965,20
1751822249.376840,20
1751822249.491521,18
1751822249.601074,19
1751822249.703456,20
1751822249.805948,18
1751822249.910824,19
1751822250.013716,18
1751822250.116428,19
1751822250.227338,17
1751822250.330258,13
1751822250.434297,14
1751822250.536985,13
1751822250.640170,13
1751822250.742516,11
1751822250.844927,18
1751822250.948891,15
1751822251.051125,17
1751822251.158498,19
1751822251.260974,18
1751822251.365488,19
1751822251.468637,19
1751822251.571553,17
1751822251.673974,19
1751822251.776880,19
1751822251.880624,19
1751822251.983728,19
1751822252.088090,20
1751822252.190972,20
1751822252.293917,18
1751822252.398057,17
1751822252.508848,18
1751822252.617532,15
1751822252.725358,12
1751822252.831878,11
1751822252.942449,9
1751822253.044921,8
1751822253.149094,7
1751822253.253864,8
1751822253.357890,4
1751822253.465754,1
1751822253.568121,1
1751822253.675556,2
1751822253.779406,4
1751822253.881889,5
1751822253.984816,6
1751822254.091066,7
1751822254.194053,7
1751822254.297137,9
1751822254.404548,10
1751822254.512839,10
1751822254.621817,8
1751822254.728522,8
1751822254.837285,10
1751822254.942702,8
1751822255.046147,9
1751822255.149903,9
1751822255.254326,9
1751822255.359281,8
1751822255.465329,9
1751822255.572744,9
1751822255.682831,9
1751822255.786006,9
1751822255.889685,9
1751822255.992277,9
1751822256.096419,8
1751822256.203228,8
1751822256.310181,7
1751822256.413145,7
1751822256.522052,9
1751822256.625537,10
1751822256.728343,8
1751822256.832831,9
1751822256.938421,8
1751822257.045914,8
1751822257.151058,8
1751822257.260193,9
1751822257.362915,10
1751822257.471767,9
1751822257.577903,10
1751822257.686278,8
1751822257.792771,8
1751822257.896919,10
1751822258.002337,11
1751822258.106476,10
1751822258.208941,16
1751822258.314908,15
1751822258.420352,19
1751822258.523092,20
1751822258.625954,20
1751822258.729411,20
1751822258.832913,20
1751822258.937346,20
1751822259.040701,20
1751822259.149563,19
1751822259.255237,20
1751822259.358377,19
1751822259.461203,20
1751822259.569562,19
1751822259.675022,19
1751822259.777642,19
1751822259.883243,17
1751822259.986204,12
1751822260.088602,14
1751822260.194167,11
1751822260.296367,11
1751822260.403466,16
1751822260.506761,16
1751822260.610055,18
1751822260.717034,20
1751822260.820690,20
1751822260.925435,20
1751822261.029022,19
1751822261.135924,20
1751822261.240944,20
1751822261.343969,19
1751822261.453207,19
1751822261.556683,17
1751822261.676825,18
1751822261.786122,17
1751822261.892299,14
1751822262.002238,14
1751822262.110916,13
1751822262.215147,10
1751822262.320226,9
1751822262.424933,18
1751822262.530176,15
1751822262.633166,18
1751822262.735750,20
1751822262.839047,20
1751822262.942121,18
1751822263.048406,19
1751822263.153393,19
1751822263.256886,20
1751822263.360944,19
1751822263.463764,20
1751822263.568624,20
1751822263.672129,19
1751822263.776942,18
1751822263.882417,14
1751822263.990128,10
1751822264.092785,4
1751822264.197171,5
1751822264.302848,7
1751822264.406031,8
1751822264.509141,7
1751822264.615219,8
1751822264.718172,11
1751822264.824688,13
1751822264.929817,13
1751822265.032142,12
1751822265.134622,13
1751822265.241466,14
1751822265.345861,13
1751822265.452981,14
1751822265.556036,14
1751822265.661695,14
1751822265.765047,12
1751822265.869095,15
1751822265.975008,14
1751822266.078393,15
1751822266.183507,14
1751822266.288285,15
1751822266.395378,14
1751822266.504181,14
1751822266.614285,13
1751822266.718301,12
1751822266.821385,14
1751822266.959633,14
1751822267.064461,11
1751822267.167288,11
1751822267.272564,12
1751822267.375656,13
1751822267.482014,14
1751822267.585637,12
1751822267.688313,12
1751822267.790598,14
1751822267.893911,13
1751822267.996477,14
1751822268.100174,13
1751822268.203465,12
1751822268.307410,12
1751822268.409740,13
1751822268.512984,13
1751822268.616187,12
1751822268.719879,12
1751822268.823294,13
1751822268.926817,13
1751822269.032544,12
1751822269.150519,12
1751822269.254045,14
1751822269.356640,13
1751822269.459518,18
1751822269.562477,16
1751822269.665010,19
1751822269.770499,20
1751822269.873164,18
1751822269.976656,20
1751822270.083743,19
1751822270.189733,19
1751822270.292444,17
1751822270.395596,20
1751822270.497998,19
1751822270.600857,19
1751822270.708323,20
1751822270.811267,20
1751822270.914377,19
1751822271.030435,18
1751822271.134088,18
1751822271.237642,20
1751822271.341601,18
1751822271.444755,18
1751822271.547134,18
1751822271.657254,18
1751822271.760613,18
1751822271.863389,15
1751822271.968429,16
1751822272.075325,16
1751822272.178430,10
1751822272.282485,20
1751822272.385249,20
1751822272.490144,19
1751822272.597793,18
1751822272.701672,20
1751822272.804937,18
1751822272.907606,18
1751822273.010564,17
1751822273.117822,19
1751822273.220786,20
1751822273.329906,19
1751822273.434996,19
1751822273.540110,20
1751822273.643525,20
1751822273.747792,16
1751822273.850388,20
1751822273.953263,18
1751822274.058966,16
1751822274.167736,13
1751822274.271919,5
1751822274.375882,1
1751822274.479904,7
1751822274.583989,12
1751822274.687088,18
1751822274.809175,18
1751822274.917282,18
1751822275.023653,19
1751822275.138161,17
1751822275.241800,17
1751822275.355268,17
1751822275.458181,18
1751822275.576756,16
1751822275.690368,14
1751822275.795724,12
1751822275.898682,10
1751822276.002074,6
1751822276.104797,1
1751822276.208105,0
1751822276.312963,0
1751822276.420022,0
1751822276.522640,0
1751822276.625894,0
1751822276.729113,0
1751822276.840477,0
1751822276.943764,0
1751822277.046249,0
1751822277.148716,0
1751822277.251239,0
1751822277.372102,0
1751822277.474641,0
1751822277.577827,0
1751822277.680237,0
1751822277.783089,0
1751822277.886207,0
1751822277.989249,0
1751822278.092396,0
1751822278.195196,0
1751822278.298450,0
1751822278.401519,0
1751822278.504434,0
1751822278.607406,0
1751822278.711495,0
1751822278.814925,0
1751822278.920554,0
1751822279.023783,0
1751822279.126324,0
1751822279.229385,0
1751822279.332807,0
1751822279.435925,0
1751822279.539045,0
1751822279.642712,0
1751822279.745959,0
1751822279.848848,0
1751822279.951719,0
1751822280.054632,0
1751822280.157611,0
1751822280.261021,0
1751822280.364226,0
1751822280.466881,0
1751822280.570495,0
1751822280.719017,0
1751822280.821794,0
1751822280.924936,0
1751822281.031195,0
